045663158200
620661217700
077234400692
000116126502
076711004903
048081816165
000116018807
620661446377
029695801266
653417006006
847852005261
847852005292
030157015558
047431906549
096316016903
008479002501
008479002532
078565843141
715764426958
715764426965
034846597912
811171020588
723633005104
046798164845
046798260387
028023881093
087535183507
026107086921
000116092005
071859999937
723633002356
029695802416
029695803956

Amazon fields
Image
Product Description
Product Details
Product Dimensions: 
Shipping Weight: